861.043 4.4964
305.297 4.76721
1227.51 6.22593
591.871 6.47286
440.841 6.80606
750.27 9.52058
340.164 12.0517
1001.04 12.3238
820.276 16.2825
1225.36 16.52
1138.96 20.4134
51.4415 25.8965
221.136 28.6817
704.805 31.5472
598.458 31.8992
494.962 34.6369
1232.37 35.101
109.027 36.0822
317.455 41.0848
265.532 49.5
892.242 53.716
1040.15 54.4834
468.475 66.225
339.714 68.5714
348.679 68.963
413.699 76.5593
304.284 77.9104
1229.53 79.5359
113.647 79.6538
263.248 81.1958
1111.76 98.6538
502.88 101.503
324.737 102.278
289.897 105.621
283.929 105.643
790.948 107.685
634.405 110.303
33.6751 110.44
241.098 111.73
836.823 124.142
864.2 127.1
931.564 128.686
859.146 133.792
720.275 136.845
1233 140.222
264.522 141.88
851.101 143.525
850.725 153.406
1185.7 156.838
854 159
1212.86 162.982
230 165
458.026 165.821
852.288 166.203
301.098 168.512
355.766 168.512
795.376 169.723
1026.79 171.231
94.3366 175.042
427.838 175.796
561.706 193.886
224.803 195.836
16.6073 200.987
1222.26 203.765
813.206 203.882
453.208 207.833
1110.43 214.488
281.686 229.01
147.443 235.036
1179.1 235.203
9.8169 235.606
95.4722 235.861
639.25 236.591
746.176 243.136
1247.72 244.083
674.375 244.125
972.597 244.193
386.958 246.479
519.625 251.272
55.3884 258.936
1248.54 261.381
880.657 264.887
106.5 271
629.03 272.747
1100.39 274.7
122.18 280.886
8.68387 281.71
95 284
258.121 288.036
997.975 294.386
657 295
1175.51 305.897
428.976 308.177
604.818 312.182
727.065 314.175
485.638 314.315
341.978 317.314
802.28 319.38
564.129 327.805
1174.28 330.563
978.892 338.366
461 341
929.008 346.525
455.253 347.367
1007.16 348.323
34.0367 348.395
896.5 352.354
580.667 353.667
499.491 353.755
839.074 354.33
643.917 355.777
110.195 356.09
230.67 372.382
976.017 372.388
1007.77 373.082
465.869 375.101
4.31288 376.509
417.362 376.696
472 382
736.575 382.71
8.5 386.667
1099.49 389.526
556.849 391.341
802.997 394.052
849.154 400.846
1209.98 404.702
957.191 405.012
38.6307 408.354
391.886 411.686
436.5 412.088
481.987 415.875
974 417
77 418
975 418
976 419
442 420
67.0833 437.083
706.688 439.529
781.876 440.049
364 441.1
873.419 443.775
410.899 444.415
1.375 447.5
1025 449
618.397 449.165
97.6327 450.903
1200.37 456.569
35.3475 457.271
159.863 457.868
656.036 460.036
544.621 468.056
73.4054 468.703
128 471
498.317 474.029
238 479.5
926.42 481.12
930 485
66.199 491.832
911.04 494.046
629.091 497.159
324.707 497.604
1120 499
664.889 504.45
210.105 507.324
124.826 509.021
19.7219 510.175
778.849 510.736
60.2135 518.981
595.354 525.162
702.504 526
475.584 527.001
1128.37 541.259
849.961 541.86
1 542
291.5 546
296.538 549
624 554.75
1191.54 555.267
908.37 557.661
58.1327 560.41
153.445 563.872
667.154 565.885
737 569
746.941 572.847
1091.94 573.659
800 579
747 580
705.897 585.121
328.665 586.193
544.918 588.021
226.798 588.662
629.736 589.007
1115.31 590.723
148.857 593.643
434.424 598.237
745.971 598.941
667.75 603.5
782.474 606.065
487.333 610.667
22.8945 611.453
793.11 611.56
486 612
739.782 612.528
942.905 616.423
109.378 623.761
332.714 624
632.667 625.167
594.211 630.155
1209 631
1234.93 632.008
876.422 633.172
429.737 638.368
1047.24 645.751
271.469 646.227
199.992 654.657
960.32 658.585
597.716 659.084
51.6469 664.915
105 665
832.378 665.313
5.82012 668.155
697.425 668.943
898.714 669.47
550 670
487.136 672.159
300.253 672.782
807.2 673.687
269.608 677.316
201.577 680.327
11.1536 693.121
1223.4 694.982
762.062 697.5
1017.99 704.049
347.751 704.678
101.386 709.821
915.231 711.846
1187 716
266.625 718.858
961.67 722.108
394.422 725.121
38.1569 726.226
642.686 733
1217.88 733.429
757.309 734.051
589.364 736.31
647 737
179.844 743.506
893.095 744.201
76 746.2
118.075 746.928
70 748
82.5 749
92 751
94 752
666.591 752.028
716.949 754.153
724 757
51.381 759.864
537.634 760.532
464.674 762.496
1235.14 763.521
766.8 765.8
377.333 770.2
992.348 778.863
19.7323 780.262
83.5838 782.597
819.394 784.937
263.595 789.456
1177.51 790.394
1225 791.5
714.185 797.572
183.66 798.208
398.848 798.841
612.238 807.927
926.135 809.537
67.75 809.75
515.833 818.667
861 820
421.842 821.056
547.14 824.572
31.8478 827.141
477.689 828.56
1215.08 829.362
1242.04 829.608
130.372 830.251
332.473 832.123
682.5 836.643
75.6288 841.446
1 842
2.37209 851.209
355.2 856.18
538.548 856.555
262.923 856.993
505.782 857
405.76 860.081
885.708 861.839
29.2044 866.798
652.718 870.49
189.003 871.758
941.754 875.08
1072.35 877.947
767.927 882.763
331.961 885.926
279.056 886.944
102.993 891.651
517.69 895.69
470.091 896.315
687.033 897.77
561.329 910.819
200.692 910.872
245.672 912.231
498.933 916.267
404.736 919.775
31.5529 926.024
493.8 927.86
951.139 929.642
617.048 931.744
691.219 931.93
169.871 933.801
724.233 949.605
585.178 956.711
100.337 957.56
867.857 962.119
578.717 963.283
622 965
932.074 967
470.84 968.415
315.298 968.955
671.286 983.053
989.587 984.051
221.337 984.27
168.528 989.495
775.68 992.039
574.836 997.71
615.788 1000.86
33.6208 1001.01
454.555 1010.62
526.429 1012.29
1217.81 1013.09
924.054 1019.22
631.456 1023.98
99.0769 1026.94
56.4667 1035
228.667 1037.33
371.711 1038.06
128 1044
178.27 1044
1171.17 1044.64
1008.1 1049.3
960.421 1050.17
850.657 1054.64
503.163 1054.72
271.101 1055.28
1171.41 1056.51
889.276 1056.93
73.1429 1059.29
704.539 1059.78
76.7143 1060
31.8268 1063.51
322.667 1072.13
796.604 1072.64
578.259 1073.43
417.163 1080.32
361.55 1081.55
945.923 1082.67
106.658 1085.3
1095.97 1086.12
904.881 1088.08
48 1090
249.643 1090.64
208.964 1098.03
329.702 1098.21
160.308 1101.38
797.379 1102.24
1216.53 1118.41
70.7727 1118.82
848.099 1118.86
30.0019 1120.14
410.674 1120.63
346 1121
642.065 1124.22
295.958 1124.45
339.806 1126.38
744.98 1132.4
225.914 1133.66
820.35 1134.6
491.205 1138.24
377.569 1141
1171.73 1142.63
46.35 1147.2
275.046 1148.97
589.93 1153.8
157.233 1163.96
1191.33 1164.33
323.81 1165.43
390 1172
387.412 1174.35
452 1180
787.758 1183.54
837.784 1183.95
467.625 1184.25
459 1185.08
576.818 1186.45
569.324 1187.11
420 1192.73
42.9664 1195.25
279.928 1203.15
356.54 1205.91
620.597 1207.16
710.104 1208.81
220 1209
97.5893 1212.61
556.06 1214.14
1058.78 1216.32
1159.31 1217.37
479.763 1218.14
896.076 1224.2
841 1225.13
147.696 1227.13
4.04348 1227.76
229.091 1234.2
808.552 1234.23
405.3 1234.88
112.661 1235.34
77.1667 1237.83
1049.25 1238.67
75 1241.5
529.077 1242.87
32.6561 1243.86
329.138 1245.23
432.631 1245.61
398.205 1247.39
640.49 1248.06
605.26 1248.24
