238.788 4.2053
499.437 4.62338
268.011 4.98084
7.18248 5.10949
387.195 6.3633
305.271 7.09561
358.698 7.50599
22.9143 7.5619
334.047 8.47312
416.278 9.32562
78.4177 9.68354
146.613 11.786
116.567 12.1755
458.655 13.161
211.377 13.7048
43.3797 15.0239
168.628 15.6721
497.019 23.8519
243.056 24.4491
314.097 26.2639
187.812 26.3416
283.994 28.2362
431.202 30.5429
58.0225 31.5856
15.6224 32.2429
341.916 32.722
379.746 33.1423
138.564 34.6263
409.401 35.4842
106.831 37.192
466.259 41.5891
210.232 42.5084
73.6517 47.667
257.176 49.419
166.114 50.5681
503.411 50.9252
41.1069 53.2137
136.295 55.6325
356.793 56.8776
315.317 57.0917
424.317 61.0597
194.099 61.6444
223.176 61.8557
113.715 66.2058
7.30353 67.5593
380.963 68.1068
481.392 73.7057
283.034 76.7793
25.7082 80.8913
341.862 82.2282
509.448 83.2857
150.353 83.2901
181.33 83.7305
91.2548 85.5272
251.804 88.5336
310.278 92.6184
379.73 95.0278
58.3725 95.175
437.474 95.9975
215.473 99.0164
126.278 99.8247
507.601 108.7
5.42342 110.009
280.184 116.332
475.645 117.668
166.609 118.081
331.304 118.766
381.027 125.459
115.784 125.7
76.3482 127.068
35.5469 128.674
241.056 135.366
197.779 136.035
425.809 138.553
283.478 142.319
9.82618 149.337
387.774 150.453
480.635 150.841
77.092 153.477
157.594 154.279
321.296 158.33
114.973 163.407
408.703 171.791
208.217 172.815
40.323 176.775
362.089 179.473
260.999 180.482
488.641 181.026
448.375 182.732
9.61192 183.391
81.2282 188.729
298.409 191.565
381.21 192.656
122.502 194.761
159.624 197.239
324.28 198.063
413.427 199.301
92.979 211.655
498.887 212.113
463.423 212.642
219.029 213.146
52.6861 220.035
17.1954 221.421
363.88 222.399
278.497 223.381
421.53 227.195
127.012 229.546
316.806 243.155
476.496 243.431
508.795 245.189
80.0408 245.246
179.776 246.492
229.748 247.908
252.553 250.12
394.328 257.828
38.5781 258.104
349.272 258.513
105.018 259.044
7.8092 262.223
444.968 266.498
137.34 266.548
270.557 271.415
73.9631 276.192
500.474 277.397
328.937 282.308
218.108 285.738
47.52 285.913
399.11 288.662
167.438 289.965
97.5527 293.525
369.202 297.669
120.319 299.509
467.755 300.367
60.6206 303.013
19.5077 303.759
288.152 307.581
433.075 312.985
204.674 313.777
338.498 314.949
241.273 314.956
401.975 315.66
175.179 316.765
131.734 324.868
496.139 326.502
75.5279 328.007
6.42424 330.944
206.843 333.861
236.562 337.412
289.239 337.42
378.227 337.727
181.439 339.07
412.121 340.303
444.727 341.313
42.6313 344.829
216.333 346.744
103.642 347.141
148.389 348.821
337.773 350.9
506.382 357.852
232.56 358.349
10.224 358.812
399.82 359.505
262.672 359.765
465.06 366.224
302.005 368.031
367.206 372.793
207.708 373.446
498.118 373.745
69.1815 375.73
334.872 380.281
172.104 381.132
413.921 381.202
247.761 387.334
355.083 387.452
20.2731 389.03
482.967 390.62
279.217 392.845
313.625 393.589
118.942 394.9
506.05 400.92
234.339 403.627
385.779 404.986
347.173 405.117
156.532 407.766
198.435 408.157
438.097 409.239
296.446 412.146
325.238 412.284
72.8198 412.896
223.639 413.65
254.518 413.855
38.9799 416.663
365.25 417.381
179.268 421.258
6.22778 423.933
470.645 427.625
238.48 428.213
270.367 430.061
89.5627 431.85
318.674 432.176
145.976 434.609
212.626 434.685
393.708 438.974
356.983 444.36
292.706 445.425
17.4699 449.159
420.857 450.586
249.897 453.131
63.7775 456.808
182.892 457.096
316.837 458.681
115.807 459.363
32.262 472.262
335.529 474.535
227.265 475.648
379.715 477.769
458.227 481.383
288.458 483.261
155.455 486.233
202.851 487.934
51.3357 490.336
98.3486 493.883
17.8136 494.344
334.905 501.603
261.365 502.77
192.822 503.034
67.9111 505.604
221.843 507.259
131.125 507.952
171.572 508.175
299.429 510.154
